0 0.878761 0.664007 0.030840 0.095744
0 0.438977 0.572972 0.012755 0.049012
0 0.637786 0.582708 0.010407 0.038652
0 0.389871 0.601360 0.023794 0.076930
0 0.269397 0.694233 0.044474 0.125406
0 0.672328 0.589044 0.012543 0.044287
0 0.085191 0.738336 0.078868 0.204907
2 0.528935 0.596679 0.036134 0.052205
0 0.209632 0.700448 0.038619 0.131714
0 0.783912 0.662942 0.032597 0.105405
2 0.615904 0.631326 0.065672 0.076359
0 0.306135 0.663175 0.039390 0.114701
0 0.209400 0.743768 0.051911 0.159172
0 0.425568 0.571754 0.010817 0.045005
2 0.534827 0.568336 0.030890 0.034189
0 0.175145 0.711365 0.053944 0.166641
0 0.901905 0.664010 0.032173 0.069475
0 0.904416 0.655799 0.036145 0.104264
0 0.015720 0.779182 0.031440 0.243656
