0 0.757257 0.620575 0.017888 0.061955
0 0.431107 0.577575 0.015626 0.053998
0 0.384133 0.626079 0.023355 0.071300
0 0.259590 0.666650 0.038378 0.125926
2 0.532024 0.592141 0.031149 0.047567
0 0.346112 0.625855 0.018952 0.074174
0 0.700549 0.624983 0.020771 0.071995
2 0.555153 0.570801 0.031674 0.034467
0 0.390389 0.611428 0.023920 0.071832
0 0.362114 0.640357 0.021141 0.080132
0 0.337528 0.628973 0.023890 0.089161
0 0.803662 0.631082 0.021723 0.050434
0 0.774374 0.612580 0.021209 0.067564
0 0.220855 0.675927 0.044561 0.137157
