0 0.740715 0.604865 0.016464 0.057401
0 0.437960 0.569058 0.014734 0.050566
0 0.398849 0.614892 0.021329 0.065290
0 0.274760 0.657963 0.036315 0.119932
2 0.533170 0.588293 0.031204 0.046679
0 0.975545 0.640437 0.012759 0.068041
0 0.362011 0.614197 0.017143 0.067876
0 0.984454 0.641089 0.022322 0.076512
0 0.681520 0.609880 0.019381 0.067738
2 0.543594 0.560200 0.026587 0.029401
0 0.402606 0.601748 0.022011 0.067005
0 0.378242 0.627480 0.018608 0.072479
0 0.356299 0.616769 0.021212 0.080863
0 0.790896 0.622033 0.020468 0.047885
0 0.755786 0.602364 0.019354 0.062564
0 0.241847 0.663521 0.041298 0.129183
