0 0.987397 0.684988 0.025206 0.129860
0 0.424275 0.567394 0.015191 0.056247
0 0.652083 0.574360 0.011630 0.043432
0 0.353174 0.611509 0.030955 0.096310
0 0.117835 0.769464 0.079263 0.201303
0 0.424509 0.562397 0.011307 0.049693
0 0.691769 0.581580 0.014390 0.050460
2 0.525569 0.586288 0.037357 0.055245
0 0.025186 0.790901 0.050373 0.216160
0 0.857430 0.681377 0.045112 0.138948
2 0.678950 0.681458 0.116910 0.140865
0 0.212517 0.704439 0.060011 0.163598
0 0.413527 0.562613 0.012413 0.049216
2 0.548098 0.563244 0.036513 0.042205
0 0.981655 0.669628 0.036690 0.085881
