0 0.813812 0.637435 0.023601 0.077501
0 0.446894 0.565334 0.010855 0.044020
0 0.410002 0.588497 0.019271 0.065417
0 0.332316 0.655960 0.031677 0.094705
0 0.656526 0.579297 0.011180 0.039858
0 0.186690 0.695608 0.052704 0.156999
2 0.530083 0.591665 0.033241 0.049645
0 0.286824 0.658081 0.026301 0.098725
0 0.741777 0.637572 0.026025 0.087217
2 0.586304 0.596228 0.043473 0.052120
0 0.350653 0.635127 0.030241 0.091285
0 0.299212 0.682322 0.032959 0.112064
0 0.269485 0.664380 0.034782 0.120797
0 0.850924 0.644239 0.026533 0.059418
0 0.836270 0.630356 0.027825 0.084596
0 0.125107 0.717795 0.062853 0.177379
