0 0.719164 0.591649 0.014677 0.052034
0 0.447590 0.555802 0.012869 0.046368
0 0.416571 0.595867 0.019469 0.058535
0 0.281350 0.646259 0.036017 0.118107
2 0.533309 0.579663 0.030688 0.045545
0 0.942128 0.628040 0.011302 0.062955
0 0.379288 0.597125 0.015923 0.061147
0 0.952589 0.626985 0.020090 0.070843
0 0.650097 0.597481 0.017772 0.063689
2 0.975384 0.859981 0.049233 0.280039
0 0.427310 0.587687 0.018276 0.060824
0 0.396240 0.607014 0.017165 0.063901
0 0.377177 0.598794 0.018831 0.071660
0 0.777574 0.609952 0.019273 0.045306
0 0.732066 0.589432 0.017243 0.056643
0 0.250283 0.647619 0.039633 0.124141
