0 0.729248 0.596762 0.015512 0.054449
0 0.443703 0.560081 0.013516 0.048239
0 0.408751 0.603193 0.020281 0.061478
0 0.983252 0.642619 0.013280 0.053665
0 0.279153 0.651382 0.036240 0.118644
2 0.533719 0.583638 0.030391 0.046415
0 0.956250 0.633761 0.011959 0.065149
0 0.371559 0.603486 0.016538 0.064097
0 0.966844 0.632698 0.021075 0.073339
0 0.667009 0.603019 0.018656 0.065423
0 0.415424 0.592710 0.021913 0.063378
0 0.388699 0.613748 0.017049 0.067429
0 0.368219 0.605529 0.019835 0.075650
0 0.783437 0.614247 0.019815 0.046424
0 0.743204 0.596299 0.018236 0.059373
0 0.248679 0.652916 0.040044 0.125714
