0 0.708660 0.585206 0.013725 0.049552
0 0.450919 0.551825 0.012578 0.044361
0 0.423974 0.590186 0.018647 0.055679
0 0.284446 0.641972 0.035588 0.116917
2 0.532626 0.576733 0.029648 0.044245
0 0.926628 0.620012 0.010574 0.060565
0 0.387228 0.592336 0.015125 0.058241
0 0.936824 0.622459 0.018992 0.068191
0 0.633130 0.594908 0.016842 0.061863
2 0.953784 0.849085 0.092432 0.301830
0 0.440079 0.585513 0.016772 0.058581
0 0.404221 0.601975 0.016970 0.060476
0 0.385551 0.594625 0.017824 0.067875
0 0.770187 0.606778 0.018618 0.044020
0 0.720696 0.584178 0.016262 0.053979
0 0.249686 0.643646 0.039186 0.122482
