0 0.698552 0.578168 0.012855 0.047193
0 0.454045 0.547845 0.011018 0.042433
0 0.432714 0.586077 0.017931 0.053075
0 0.288205 0.635936 0.034911 0.115340
2 0.531882 0.572633 0.028610 0.042946
0 0.395329 0.586406 0.014303 0.055417
0 0.920764 0.617240 0.017967 0.065522
0 0.618175 0.588134 0.015966 0.059906
2 0.934666 0.839210 0.130667 0.321580
0 0.452151 0.582113 0.015303 0.056593
0 0.412800 0.595644 0.016004 0.057031
0 0.393606 0.589221 0.016886 0.064269
0 0.762404 0.601736 0.017957 0.042646
0 0.710052 0.578262 0.015146 0.051474
0 0.250601 0.637596 0.038468 0.120173
