0 0.691678 0.573617 0.011749 0.045032
0 0.459246 0.544390 0.011019 0.040574
0 0.443894 0.583336 0.016983 0.050457
0 0.296415 0.629940 0.033904 0.112708
2 0.533744 0.571277 0.028249 0.041718
0 0.409611 0.582781 0.013347 0.052316
0 0.605921 0.586288 0.015265 0.057961
2 0.919335 0.832859 0.161329 0.334283
0 0.465602 0.581645 0.015031 0.054715
0 0.423378 0.590779 0.015111 0.053677
0 0.403717 0.585121 0.016174 0.060691
0 0.756139 0.600116 0.017334 0.041365
0 0.702452 0.574722 0.014111 0.049130
0 0.255548 0.631653 0.037168 0.116895
