0 0.781468 0.626298 0.020223 0.068622
0 0.968600 0.644491 0.018065 0.077891
0 0.420962 0.582430 0.017149 0.059072
0 0.361432 0.639063 0.026612 0.081200
0 0.646633 0.575585 0.010404 0.037299
0 0.227318 0.680918 0.043194 0.139746
2 0.530513 0.589559 0.031949 0.047658
0 0.320233 0.640005 0.021826 0.084534
0 0.720982 0.630909 0.022670 0.078907
2 0.571554 0.579801 0.039609 0.041954
0 0.372284 0.621961 0.026497 0.080282
0 0.335819 0.656113 0.025807 0.093135
0 0.306308 0.644458 0.028337 0.103183
0 0.824346 0.635127 0.023764 0.054332
0 0.800886 0.618634 0.023908 0.074851
0 0.177170 0.696352 0.051799 0.154761
